1.4934662580490112 0.5666807889938354
1.5374011993408203 0.5236304998397827
1.1363341808319092 0.5509317517280579
1.6083924770355225 0.5008009076118469
1.1664491891860962 0.571601152420044
1.419530987739563 0.541334867477417
1.055287480354309 0.596455454826355
1.5316188335418701 0.5781581997871399
1.3570321798324585 0.5388824939727783
1.889933466911316 0.5478997230529785
1.5797736644744873 0.5885746479034424
1.277758240699768 0.5612444877624512
1.2821379899978638 0.5643797516822815
1.8324151039123535 0.5364775657653809
2.623668670654297 0.5608264207839966
1.2029017210006714 0.5753743052482605
1.4978915452957153 0.5550483465194702
1.148762822151184 0.5138294696807861
1.15341317653656 0.5307350158691406
1.5625852346420288 0.5483425259590149
1.3360886573791504 0.5489198565483093
1.8218270540237427 0.5274699330329895
1.076130986213684 0.5728420615196228
1.2389367818832397 0.5656895637512207
1.3496836423873901 0.5008413791656494
1.659425139427185 0.5181058645248413
1.5520524978637695 0.5941034555435181
1.8913195133209229 0.57477867603302
2.580688714981079 0.5454302430152893
1.4007594585418701 0.5836313962936401
1.5391486883163452 0.5197723507881165
1.6562306880950928 0.5492848753929138
1.511976718902588 0.5273078083992004
1.5188863277435303 0.5146691799163818
1.0996955633163452 0.5713884830474854
1.4803886413574219 0.5318067073822021
1.2632118463516235 0.5854881405830383
1.0650612115859985 0.5897204875946045
1.9744749069213867 0.5128403902053833
1.13112211227417 0.5320533514022827
1.231164813041687 0.49662336707115173
1.3612107038497925 0.543759286403656
1.2425556182861328 0.5587180852890015
1.4516491889953613 0.5751193165779114
1.3465155363082886 0.5257612466812134
1.5180832147598267 0.5377276539802551
1.566860318183899 0.5154913067817688
1.5153872966766357 0.49074700474739075
1.3372918367385864 0.5420702695846558
1.0311083793640137 0.5688076615333557
1.2563141584396362 0.6210792064666748
1.065123200416565 0.5924351215362549
1.4288592338562012 0.5291112065315247
1.137535572052002 0.5441686511039734
1.647404670715332 0.5456444621086121
1.4684199094772339 0.5229691863059998
0.871211051940918 0.5605278015136719
1.9649133682250977 0.5664880275726318
1.0214083194732666 0.5648305416107178
1.1610548496246338 0.565549373626709
1.6229177713394165 0.5298764109611511
1.3608981370925903 0.5574126839637756
1.2770280838012695 0.5065319538116455
1.4043395519256592 0.5422918796539307
1.76218581199646 0.5776394605636597
1.7275490760803223 0.49757611751556396
1.079218864440918 0.5684025883674622
1.4666385650634766 0.5168598890304565
1.162548542022705 0.5300120711326599
1.4856107234954834 0.5326261520385742
0.7331975102424622 0.6191126108169556
1.9028129577636719 0.5235100984573364
0.9400337934494019 0.5733069181442261
1.7292470932006836 0.5867557525634766
1.2162387371063232 0.5194514989852905
1.2716717720031738 0.5273551344871521
1.2205467224121094 0.586321234703064
1.1051716804504395 0.563500165939331
1.319830060005188 0.49678394198417664
1.948803424835205 0.5312010645866394
1.1620359420776367 0.5948361754417419
1.8861156702041626 0.5741630792617798
1.0437606573104858 0.5265159606933594
1.2407300472259521 0.5390551686286926
1.8149101734161377 0.5738719701766968
1.5526796579360962 0.5597550868988037
1.7850418090820312 0.5184612274169922
1.3641422986984253 0.5421450734138489
1.205324411392212 0.5419315099716187
1.6150599718093872 0.572084367275238
1.27112877368927 0.5776093006134033
1.0185844898223877 0.5773284435272217
1.2355754375457764 0.5426474809646606
1.8413572311401367 0.5404108166694641
0.819810688495636 0.6116560697555542
1.8116787672042847 0.5337687134742737
1.1564173698425293 0.586976945400238
1.486129641532898 0.5290141105651855
1.200287938117981 0.6162014007568359
1.469434142112732 0.5919608473777771
0.9504414796829224 0.5753150582313538
1.17036771774292 0.5234795212745667
1.1281352043151855 0.5614408254623413
1.116897702217102 0.5324773788452148
1.4873254299163818 0.5505354404449463
1.5758622884750366 0.5427690744400024
1.9708658456802368 0.49158793687820435
1.567074179649353 0.5752841234207153
1.1980187892913818 0.5444710850715637
1.488310694694519 0.5355274677276611
1.7262935638427734 0.535687267780304
1.3652291297912598 0.5321385860443115
1.1972880363464355 0.5799171924591064
1.1210966110229492 0.563276469707489
1.5626060962677002 0.6164159178733826
2.2962093353271484 0.5113301277160645
1.1758050918579102 0.5809535980224609
1.5355688333511353 0.5821850299835205
1.4526877403259277 0.5614489316940308
1.1528037786483765 0.5516513586044312
1.2286601066589355 0.5391041040420532
1.305715799331665 0.557187557220459
1.4242448806762695 0.5477179884910583
1.5529515743255615 0.5371270179748535
1.3259130716323853 0.5367463827133179
1.052451729774475 0.5906765460968018
1.2446160316467285 0.5407537817955017
1.219031572341919 0.5655897259712219
1.443360447883606 0.5446920394897461
1.175228476524353 0.5554420351982117
1.0554912090301514 0.5297083854675293
1.1825945377349854 0.5164558291435242
1.33636474609375 0.5756874680519104
1.805747389793396 0.5305262804031372
1.1723371744155884 0.5794131755828857
1.7292792797088623 0.532544732093811
1.0837457180023193 0.552174985408783
0.6166989207267761 0.582645058631897
1.2530186176300049 0.5604028105735779
1.6125503778457642 0.5204612612724304
1.0238289833068848 0.5583062767982483
1.3596113920211792 0.5820011496543884
1.1686108112335205 0.5614405870437622
0.9206427931785583 0.6211169958114624
1.2290751934051514 0.503429651260376
1.112701177597046 0.5570379495620728
1.051435947418213 0.562698483467102
2.028357744216919 0.5351354479789734
1.141910195350647 0.5075628757476807
1.6334984302520752 0.5309686064720154
1.3787497282028198 0.550173282623291
1.0666447877883911 0.5239663124084473
1.0655049085617065 0.5670376420021057
1.4028871059417725 0.5558142066001892
0.8605799674987793 0.527979850769043
1.8907215595245361 0.5064773559570312
1.1652041673660278 0.5430791974067688
1.1747204065322876 0.5485334396362305
1.4326122999191284 0.5374764204025269
1.328909158706665 0.5805063247680664
1.3556727170944214 0.5207449197769165
1.522425651550293 0.4911595582962036
1.1675471067428589 0.546953022480011
1.5844553709030151 0.5291293859481812
1.222348928451538 0.5284112691879272
1.6864500045776367 0.534538745880127
1.4268430471420288 0.544787585735321
1.0487700700759888 0.5795595049858093
1.566314935684204 0.5118566155433655
0.9807784557342529 0.5551356077194214
0.8548733592033386 0.604155421257019
1.1334244012832642 0.5535659193992615
1.147011637687683 0.5432973504066467
1.3770122528076172 0.5896875858306885
