1.7496638298034668 0.5851112008094788
2.0570833683013916 0.5369100570678711
1.3522931337356567 0.5740630626678467
1.9800097942352295 0.5424035787582397
1.3987847566604614 0.5852215886116028
1.7456834316253662 0.5521348118782043
1.106595754623413 0.6278970837593079
1.5503991842269897 0.6148877143859863
2.1194424629211426 0.567702054977417
1.94822096824646 0.5775241851806641
1.6853495836257935 0.6137121915817261
1.4138555526733398 0.5996325016021729
1.354618787765503 0.5949126482009888
1.8279190063476562 0.578491747379303
2.3761463165283203 0.5892356634140015
1.363269567489624 0.5967094302177429
1.5570482015609741 0.581318736076355
1.3329148292541504 0.5407813787460327
1.5238547325134277 0.5507646799087524
1.7352888584136963 0.5666494965553284
1.5674139261245728 0.5710855722427368
1.9206483364105225 0.5543579459190369
1.3148777484893799 0.5948518514633179
2.0038254261016846 0.5697070360183716
1.6041951179504395 0.5257663130760193
1.8016936779022217 0.5336705446243286
1.6314446926116943 0.6203482747077942
1.9556198120117188 0.5936210751533508
2.4460084438323975 0.5682714581489563
1.5658591985702515 0.5979450941085815
1.6492098569869995 0.5337927937507629
1.821584939956665 0.5707927942276001
1.62687087059021 0.5640214085578918
1.5956730842590332 0.5349426865577698
1.1862109899520874 0.5907645225524902
1.9339535236358643 0.5459806323051453
1.4205127954483032 0.5947347283363342
1.4194507598876953 0.6048952341079712
2.1381235122680664 0.5299768447875977
1.418204426765442 0.5493729710578918
1.4123917818069458 0.5326732993125916
1.945594310760498 0.552648663520813
1.499464750289917 0.5588605403900146
1.4248353242874146 0.6141176819801331
1.4646961688995361 0.5675586462020874
1.6978352069854736 0.5682146549224854
1.748862624168396 0.5474704504013062
1.6180346012115479 0.5227265357971191
1.4186619520187378 0.5690968632698059
1.1693965196609497 0.5752606987953186
1.3658912181854248 0.626572847366333
1.2195078134536743 0.600100040435791
1.6028493642807007 0.5535332560539246
1.3393031358718872 0.554122805595398
1.7878315448760986 0.5581412315368652
2.250357151031494 0.5417646169662476
1.1119457483291626 0.5618060231208801
1.9353049993515015 0.5794239044189453
1.1563787460327148 0.5985394716262817
1.268695592880249 0.5832656621932983
1.7734743356704712 0.5525069236755371
1.460098385810852 0.5878724455833435
1.4826604127883911 0.5645496845245361
1.5703555345535278 0.558570146560669
2.1751821041107178 0.5743386745452881
2.3033390045166016 0.5220837593078613
1.2658450603485107 0.5850548148155212
1.6657119989395142 0.5333168506622314
1.4716880321502686 0.5406966209411621
1.9126489162445068 0.5576180219650269
1.3639155626296997 0.592670202255249
2.024045467376709 0.5461217761039734
0.9779332876205444 0.5991002917289734
1.8489583730697632 0.6043500304222107
1.3877432346343994 0.543226957321167
1.4549843072891235 0.5517698526382446
1.3545993566513062 0.5989031195640564
1.3447123765945435 0.5795232653617859
1.7104194164276123 0.5278979539871216
2.1613404750823975 0.5408706068992615
1.483814001083374 0.5963809490203857
1.8469818830490112 0.5943164825439453
1.1548497676849365 0.5554236769676208
1.3123531341552734 0.5858924388885498
1.9729044437408447 0.5788553357124329
1.600376009941101 0.5807512402534485
1.9622149467468262 0.5502166748046875
2.0117244720458984 0.5435078144073486
1.3854737281799316 0.5705996751785278
1.6138724088668823 0.5989412665367126
1.3466911315917969 0.6033074855804443
1.159863829612732 0.6047283411026001
1.2903409004211426 0.5668232440948486
1.9110559225082397 0.5681602954864502
0.9884402751922607 0.6172022819519043
1.911679744720459 0.5703198313713074
1.1830815076828003 0.6189800500869751
1.6508426666259766 0.5738856196403503
1.2804912328720093 0.6292423009872437
1.3558841943740845 0.6298494935035706
1.5469708442687988 0.604336142539978
1.598159670829773 0.5451772212982178
1.4065406322479248 0.5588237047195435
1.4154304265975952 0.5405876636505127
1.98651921749115 0.5685216188430786
1.781519889831543 0.5542582273483276
1.9695180654525757 0.5323115587234497
1.692428708076477 0.5977510213851929
1.2470512390136719 0.5733523368835449
2.024970293045044 0.5680814981460571
2.055757522583008 0.533796489238739
1.546447992324829 0.5713315010070801
1.359130620956421 0.5854386687278748
1.2042450904846191 0.5882015228271484
1.6855692863464355 0.6220422983169556
2.1103591918945312 0.5442537665367126
1.3529802560806274 0.5933324694633484
1.715604305267334 0.6074342131614685
1.5994924306869507 0.5885888934135437
1.332918643951416 0.5700663328170776
1.4054665565490723 0.5547486543655396
1.4583202600479126 0.5971173048019409
1.6846102476119995 0.5593161582946777
1.676035761833191 0.5568360090255737
1.6689426898956299 0.5466338396072388
1.2604542970657349 0.5914360880851746
1.5032265186309814 0.5706354975700378
1.264370322227478 0.5934531688690186
1.6212600469589233 0.5567631721496582
1.3053011894226074 0.5767511129379272
1.2372112274169922 0.5467890501022339
1.3564097881317139 0.5479573011398315
1.488495111465454 0.5854455828666687
1.848676085472107 0.5586966276168823
1.2538574934005737 0.5858291387557983
1.6859538555145264 0.5890630483627319
1.6128886938095093 0.5685961246490479
0.7796958684921265 0.6182005405426025
1.4236021041870117 0.5608156323432922
1.8585360050201416 0.5302528142929077
1.505078673362732 0.5796412229537964
1.488722801208496 0.5983052253723145
1.4767038822174072 0.5486880540847778
0.9366865754127502 0.646370530128479
1.3243335485458374 0.5463942289352417
1.228306770324707 0.59002286195755
1.1821891069412231 0.5874060392379761
1.8445079326629639 0.5913876295089722
1.2369794845581055 0.5388672947883606
1.9650894403457642 0.5589112639427185
1.4914849996566772 0.5644881725311279
1.3209290504455566 0.556025505065918
1.280896544456482 0.5815861225128174
1.5566827058792114 0.5727437138557434
1.0453780889511108 0.5617084503173828
1.9380016326904297 0.5545834898948669
1.335973858833313 0.561115026473999
1.4004478454589844 0.5607773661613464
1.5013657808303833 0.5718110799789429
1.4144302606582642 0.6039615869522095
1.6539596319198608 0.5479108095169067
1.785847544670105 0.5322219133377075
1.3267793655395508 0.5673615336418152
1.6939729452133179 0.5569667220115662
1.4365278482437134 0.5652028322219849
1.8100624084472656 0.5675974488258362
1.745306372642517 0.5689154267311096
1.2421746253967285 0.5860111713409424
1.9186317920684814 0.533431887626648
1.1276472806930542 0.5552758574485779
1.0972340106964111 0.591804563999176
1.2456390857696533 0.5796666145324707
1.41978120803833 0.549480676651001
1.3679472208023071 0.6255542635917664
